2.871885
4.26765
0.3486834
1.968214
1.701531
3.712356
1.106623
2.826156
1.393663
1.559397
2.206796
2.049885
3.269205
1.417935
1.618879
2.086703
2.212624
2.235969
3.478814
2.926426
3.749903
0.6560791
2.937884
4.064399
1.533913
3.102631
4.121136
3.564283
5.735159
2.571239
2.409814
3.647752
0.5199399
2.616269
3.364803
2.406396
2.708992
1.788087
3.379869
2.735446
3.995459
2.262533
2.677002
2.394027
3.747692
2.681717
0.8623634
1.491451
1.878396
1.999255
1.856011
3.534988
3.009009
3.591121
0.576333
2.176613
2.775945
0.3800412
1.099245
3.963797
0.2772512
3.798233
6.306597
1.340619
4.391132
2.42669
3.239725
1.184996
5.949089
0.9110038
4.192743
6.038486
3.964318
2.029352
1.578858
0.4879556
4.586214
0.9668684
3.157939
0.7509477
1.107686
3.142632
5.306939
4.570751
3.719557
3.77094
0.8849737
3.276422
1.747729
1.566087
2.306871
4.455645
2.423238
3.006594
1.443244
1.196007
3.901529
1.867192
3.33635
0.2254926
0.6182371
3.40553
1.586114
1.51031
4.505142
1.475062
2.863043
3.758088
1.438969
1.463834
1.954762
4.558378
3.977119
1.256798
3.871193
1.572308
3.097221
3.205495
2.162853
6.368919
5.61935
2.652398
3.830752
1.928645
2.294796
2.335201
0.7941744
3.896074
4.009024
4.871108
2.819188
2.57882
2.518849
0.5559827
4.151195
0.5076584
2.874377
1.617089
3.956688
4.612105
2.671895
2.464772
1.211472
0.9711637
4.282331
1.772168
0.6583902
0.3655152
1.409784
3.347374
2.483038
4.946849
4.549916
3.222054
2.192594
3.858166
1.164481
2.247588
2.091256
2.640085
2.161512
2.132002
0.5526154
2.614317
0.1966175
2.727404
3.025819
3.57574
0.8899002
1.855971
0.4890569
1.829629
1.528127
1.935371
3.34937
2.209165
4.191895
3.126451
1.556906
0.9479288
2.1841
1.966589
1.474117
1.813077
4.245905
2.622455
2.936035
3.073996
2.137523
1.472619
2.29899
3.21355
1.602538
1.554314
4.637831
